16	1	7.391	2.97	
17	1	10.31	2.51	
18	1	8.419	2.158	
19	1	11.533	0.854	
53	1	13.224	0.854	
88	1	7.775	0.765	
89	1	6.274	2.599	
90	1	8.763	1.047	
91	1	7.73	1.995	
92	1	4.502	3.951	
93	1	6.768	1.974	
94	1	9.0	0.615	
13	2	11.149	0.875	
15	2	6.816	2.008	
16	2	5.994	2.718	
53	2	12.251	0.916	
55	2	9.892	3.463	
76	2	8.569	1.147	
79	2	7.372	1.482	
81	2	8.416	2.447	
95	2	4.948	3.264	
97	2	10.19	0.14	
13	3	4.552	4.248	
55	3	7.392	3.906	
57	3	8.9	2.38	
97	3	5.9	2.632	
126	3	9.05	0.438	
127	3	7.392	2.438	
11	4	8.953	1.295	
41	4	6.257	3.409	
42	4	10.273	2.366	
52	4	11.41	0.3	
54	4	11.967	0.049	
55	4	8.179	1.967	
57	4	5.394	3.976	
158	4	8.497	1.012	
159	4	6.933	1.887	
160	4	4.954	3.623	
161	4	4.492	2.614	
41	5	8.219	2.698	
42	5	11.776	1.895	
121	5	5.086	3.721	
151	5	8.079	0.975	
160	5	7.912	2.988	
196	5	6.443	2.929	
197	5	9.464	0.615	
198	5	7.674	1.677	
199	5	6.882	2.169	
