16	1	7.391	
18	1	8.419	
88	1	7.775	
89	1	6.274	
90	1	8.763	
91	1	7.73	
92	1	4.502	
93	1	6.768	
15	2	6.816	
16	2	5.994	
76	2	8.569	
79	2	7.372	
81	2	8.416	
93	2	8.201	
94	2	8.73	
95	2	4.948	
13	3	4.552	
15	3	7.047	
55	3	7.392	
57	3	8.9	
95	3	8.363	
97	3	5.9	
127	3	7.392	
161	3	7.424	
11	4	8.953	
13	4	6.834	
39	4	8.689	
40	4	7.307	
41	4	6.257	
55	4	8.179	
56	4	8.655	
57	4	5.394	
151	4	8.101	
158	4	8.497	
159	4	6.933	
160	4	4.954	
161	4	4.492	
162	4	7.23	
41	5	8.219	
121	5	5.086	
123	5	7.277	
151	5	8.079	
160	5	7.912	
162	5	6.307	
164	5	8.979	
196	5	6.443	
198	5	7.674	
199	5	6.882	
