15	1	10.727	
16	1	7.391	
17	1	10.31	
18	1	8.419	
19	1	11.533	
81	1	10.097	
83	1	10.887	
84	1	10.288	
86	1	9.293	
87	1	11.366	
88	1	7.775	
89	1	6.274	
90	1	8.763	
91	1	7.73	
92	1	4.502	
93	1	6.768	
94	1	9.0	
95	1	10.007	
13	2	11.149	
14	2	10.732	
15	2	6.816	
16	2	5.994	
17	2	10.661	
54	2	11.657	
55	2	9.892	
74	2	11.894	
76	2	8.569	
77	2	11.978	
78	2	10.935	
79	2	7.372	
80	2	10.674	
81	2	8.416	
92	2	9.555	
93	2	8.201	
94	2	8.73	
95	2	4.948	
96	2	10.406	
97	2	10.19	
11	3	11.546	
12	3	9.818	
13	3	4.552	
14	3	9.11	
15	3	7.047	
16	3	10.127	
54	3	11.896	
55	3	7.392	
56	3	10.559	
57	3	8.9	
79	3	9.37	
95	3	8.363	
96	3	10.004	
97	3	5.9	
98	3	10.794	
99	3	10.035	
123	3	11.5	
124	3	9.958	
125	3	9.744	
126	3	9.05	
127	3	7.392	
128	3	11.461	
129	3	11.23	
150	3	11.891	
159	3	10.327	
160	3	11.039	
161	3	7.424	
162	3	10.434	
11	4	8.953	
12	4	10.521	
13	4	6.834	
14	4	10.492	
15	4	10.527	
38	4	11.563	
39	4	8.689	
40	4	7.307	
41	4	6.257	
42	4	10.273	
43	4	11.337	
51	4	11.394	
52	4	11.41	
54	4	11.967	
55	4	8.179	
56	4	8.655	
57	4	5.394	
58	4	11.049	
59	4	11.595	
97	4	10.869	
99	4	10.121	
123	4	10.235	
124	4	10.893	
125	4	11.197	
150	4	9.747	
151	4	8.101	
152	4	10.676	
153	4	10.728	
156	4	11.581	
158	4	8.497	
159	4	6.933	
160	4	4.954	
161	4	4.492	
162	4	7.23	
163	4	10.496	
41	5	8.219	
42	5	11.776	
119	5	11.325	
120	5	10.565	
121	5	5.086	
122	5	9.02	
123	5	7.277	
124	5	10.229	
125	5	11.981	
151	5	8.079	
160	5	7.912	
161	5	9.542	
162	5	6.307	
163	5	9.179	
164	5	8.979	
194	5	9.875	
195	5	10.256	
196	5	6.443	
197	5	9.464	
198	5	7.674	
199	5	6.882	
200	5	10.494	
