16	1	7.391	19.5	
17	1	10.31	12.3	
18	1	8.419	8.65	
19	1	11.533	2.35	
53	1	13.224	2.35	
88	1	7.775	2.15	
89	1	6.274	13.45	
90	1	8.763	2.85	
91	1	7.73	7.35	
92	1	4.502	52.0	
93	1	6.768	7.2	
94	1	9.0	1.85	
13	2	11.149	2.4	
15	2	6.816	7.45	
16	2	5.994	15.15	
53	2	12.251	2.5	
55	2	9.892	31.9	
76	2	8.569	3.15	
79	2	7.372	4.4	
81	2	8.416	11.55	
95	2	4.948	26.15	
97	2	10.19	1.15	
13	3	4.552	70.0	
55	3	7.392	49.7	
57	3	8.9	10.8	
97	3	5.9	13.9	
126	3	9.05	1.55	
127	3	7.392	11.45	
11	4	8.953	3.65	
41	4	6.257	30.25	
42	4	10.273	10.65	
52	4	11.41	1.35	
54	4	11.967	1.05	
55	4	8.179	7.15	
57	4	5.394	53.3	
158	4	8.497	2.75	
159	4	6.933	6.6	
160	4	4.954	37.45	
161	4	4.492	13.65	
41	5	8.219	14.85	
42	5	11.776	6.65	
121	5	5.086	41.3	
151	5	8.079	2.65	
160	5	7.912	19.85	
196	5	6.443	18.7	
197	5	9.464	1.85	
198	5	7.674	5.35	
199	5	6.882	8.75	
